1043 3
1387
2622 7
3596
9392 26
9427
16525 50
16602
17204 52
17232
17532 49
17574
17877 54
19233 49
19265 54
19302
20208 57
20236
20833 59
20900 49
21728 59
22418 49
23005 59
23442 49
23633 59
23794 49
79607 59
80979 49
81908 59
84009 49
85327 59
87138 49
88336 59
90765 49
91887 59
92387 49
94024 59
100135 49
131323 59
133834 49
140830 59
145127 49
146171 59
153098 49
153558 59
158625 49
159130 59
160785 49
162582 59
163352 49
164826 59
167100 49
172303 59
173139 49
174889 59
180504 49
181605 59
194726 49
194878 59
246991 49
247124 59
247257 49
248687 59
250116 49
250334 59
250552 49
250693 59
250778 49
250840 59
250958 49
251031 59
251180 49
251373 59
251490 49
251573 59
251656 49
254723 59
254843 49
257285 59
260925 49
261019 59
262768 49
265393 59
268112 49
269545 59
269643 49
270707 59
272042 49
274346 59
274579 49
277513 59
280648 49
286403 59
292506 49
293945 59
297970 49
298131 59
298292 49
300815 59
300932 49
306665 59
314804 49
320912 59
321928 49
325864 59
330860 49
332573 59
337373 49
338804 59
341179 49
342073 59
342968 49
345402 59
347067 49
347978 59
349660 49
352111 59
353793 49
355455 59
356225 49
356458 59
359537 49
361514 59
362305 49
363904 59
364130 49
364319 59
365825 49
366014 59
367421 49
367610 59
367799 49
369208 59
369397 49
369586 59
369964 49
370153 59
370531 49
370720 59
372128 49
372317 59
372506 49
372695 59
372884 49
374482 59
376455 49
377211 59
377400 49
377589 59
377778 49
377967 59
378345 49
378723 59
378912 49
379101 59
379479 49
380427 59
380805 49
382114 59
382303 49
382529 59
383000 49
383191 59
383285 49
383386 59
383508 49
383559 59
383650 49
384015 59
384268 49
384396 59
384455 49
384562 59
385167 49
385313 59
385463 49
385795
387311 59
391583
392483 67
392574
