1043 3
1387
2622 7
3596
9392 26
9427
16525 50
16602
17204 52
17232
17835 54
18069 49
18111 54
18771
19677 57
19705
20302 59
20369 49
20401 59
20433 49
20800 59
21000 49
21102 59
21239 49
21528 59
22326 49
22913 59
23074 49
23265 59
24041 49
24907 59
32351 49
41177 59
47288 49
53459 59
55168 49
56655 59
60010 49
63532 59
66576 49
69764 59
74980 49
83459 59
87135 49
89931 59
93388 49
93795 59
94565 49
95125 59
96170 49
98792 59
100567 49
104875 59
106018 49
113715 59
115809 49
115996 59
118271 49
120200 59
121353 49
123487 59
124233 49
125592 59
127519 49
128400 59
129389 49
130724 59
136958 49
138142 59
139987 49
140606 59
141585 49
141904 59
142165 49
144267 59
153960 49
161808 59
171108 49
181780 59
193439 49
208231 59
215111 49
219915 59
220183 49
220336 59
221033 49
221493 59
225888 49
226393 59
232878 49
233203 59
234912 49
237858 59
238107 49
246161 59
246313 49
246465 59
246539 49
246613 59
246672 49
246731 59
248158 49
249805 59
250024 49
250227 59
250430 49
250503 59
250652 49
250845 59
251045 49
251128 59
253048 49
258557 59
259105 49
261824 59
263116 49
264782 59
266531 49
272828 59
272922 49
277504 59
280129 49
282397 59
282495 49
282611 59
297603 49
297688 59
302784 49
302860 59
320102 49
320219 59
325245 49
334400 59
336832 49
339621 59
341037 49
360419 59
367649 49
367838 59
369244 49
369622 59
369811 49
371220 59
371409 49
371598 59
372165 49
372354 59
372543 49
372732 59
372921 49
374519 59
374708 49
375086 59
375464 49
375842 59
376179 49
376557 59
376670 49
378079 59
378192 49
379704 59
379895 49
382567 59
382689 49
382981 59
383072 49
383123 59
383337 49
383428 59
383726 49
384000 59
384102 49
384337 59
384789 49
385267
386783 59
391057
391957 67
392048
